Energy range:   0.010000 - 1.000000 MeV
a0=-6.6053865e+001	
a1=-1.2612990e+002	a2=-9.2754833e+001	a3=-2.4873314e+001	
a4=+4.8579203e+000	a5=+5.1353721e+000	a6=+1.4280615e+000	
a7=+1.8115460e-001	a8=+8.9577904e-003	a9=+4.5000000e-001	
	Energy range:   0.100000 - 1.000000 MeV
a0=-2.6878951e+000	
a1=-4.8330754e-001	a2=-1.7836087e-002	a3=+9.5039764e-002	
a4=+1.2403649e-001	a5=+6.9448458e-002	a6=+8.5812457e-004	
a7=-1.7264627e-002	a8=-7.5142626e-003	a9=-1.0350043e-003	
	Energy range:   1.000000 - 8.000000 MeV
a0=-2.6877831e+000	
a1=-5.0395999e-001	a2=+6.3348859e-002	a3=-4.0644233e-001	
a4=+8.4179673e-001	a5=-9.8429026e-001	a6=+6.9170587e-001	
a7=-2.8614819e-001	a8=+6.4173899e-002	a9=-6.0087126e-003	