Energy range:   0.010000 - 1.000000 MeV
a0=-2.4230995e+000	
a1=-7.8956816e+000	a2=-8.1084383e+000	a3=+1.0969935e+000	
a4=+5.2765600e+000	a5=+3.0993264e+000	a6=+8.3202502e-001	
a7=+1.0872391e-001	a8=+5.5992322e-003	a9=+1.0000000e+000	
	Energy range:   0.100000 - 1.000000 MeV
a0=-2.6425124e+000	
a1=-4.8257184e-001	a2=-1.5750264e-002	a3=+8.1966928e-002	
a4=+5.5603513e-002	a5=-5.4305830e-002	a6=-1.1165768e-001	
a7=-7.2597294e-002	a8=-2.1578939e-002	a9=-2.4870274e-003	
	Energy range:   1.000000 - 8.000000 MeV
a0=-2.6424184e+000	
a1=-5.0328218e-001	a2=+5.7601590e-002	a3=-3.8220332e-001	
a4=+7.8757678e-001	a5=-9.0695423e-001	a6=+6.2368331e-001	
a7=-2.5075393e-001	a8=+5.4253765e-002	a9=-4.8592101e-003	